Lv	HP	攻撃力	防御力	EXP
1	0	0	0	0
2	8	2	6	55
3	15	4	11	300
4	21	6	15	900
5	26	8	18	1300
6	30	10	21	2000
7	33	12	23	3500
8	35	14	25	5000
9	36	15	27	7500
10	37	16	29	10000
11	38	16	31	12500
12	39	17	33	15500
13	40	17	35	20000
14	41	18	37	30000
15	42	18	39	40000
16	43	19	41	50000
17	44	19	43	70000
18	45	20	45	90000
19	46	20	47	110000
20	47	21	48	130000
21	48	21	49	150000
22	49	22	50	170000
23	50	22	51	190000
24	51	23	52	210000
25	52	23	53	230000
26	53	24	54	240000
27	54	24	55	250000
28	55	25	56	260000
29	56	25	57	270000
30	57	26	58	280000
31	58	26	59	290000
32	59	27	60	300000
33	60	27	61	310000
34	61	28	62	320000
35	62	28	63	330000
36	63	29	64	340000
37	64	29	65	350000
38	65	30	66	360000
39	66	30	67	370000
40	67	31	68	380000
41	68	31	69	390000
42	69	32	70	400000
43	70	32	71	410000
44	71	33	72	420000
45	72	33	73	430000
46	73	34	74	440000
47	74	34	75	450000
48	75	35	76	460000
49	76	35	77	470000
50	77	35	78	480000
51	78	35	79	490000
52	79	35	80	500000
53	80	35	81	510000
54	81	35	82	520000
55	82	35	83	530000
56	83	35	84	540000
57	84	35	85	550000
58	85	35	86	560000
59	86	35	87	570000
60	86	35	88	580000
61	86	35	90	630000
62	86	35	92	680000
63	86	35	94	730000
64	86	35	96	780000
65	86	35	98	830000
66	86	35	100	880000
67	86	35	102	930000
68	86	35	104	980000
69	86	35	106	1030000
70	86	35	108	1090000
71	86	35	110	1150000
72	86	35	112	1210000
73	86	35	114	1270000
74	86	35	116	1330000
75	86	35	118	1390000
76	86	35	120	1450000
77	86	35	122	1510000
78	86	35	124	1570000
79	86	35	126	1630000
80	86	35	127	1690000
81	86	35	129	1750000
82	86	35	130	1810000
83	86	35	132	1870000
84	86	35	133	1930000
85	86	35	135	1990000
86	86	35	136	2050000
87	86	35	138	2110000
88	86	35	139	2170000
89	86	35	141	2230000
90	86	35	142	2310000
91	86	35	144	2390000
92	86	35	145	2470000
93	86	35	147	2550000
94	86	35	148	2630000
95	86	35	150	3000000
96	86	35	151	5000000
97	86	35	153	7000000
98	86	35	154	9000000
99	86	35	158	9990000